 303 0
 110.95730  19.89579
 110.95730  19.89579
 110.94220  19.91180
 110.92810  19.93995
 110.90830  19.96346
 110.87680  19.96372
 110.84430  19.95930
 110.80910  19.96704
 110.78050  19.98312
 110.75110  20.00948
 110.72170  20.03488
 110.70840  20.04897
 110.69140  20.07802
 110.67050  20.09962
 110.64550  20.07362
 110.61580  20.06165
 110.58710  20.05339
 110.55830  20.03953
 110.55440  20.00966
 110.57520  19.98061
 110.59410  19.95156
 110.60350  19.92068
 110.60430  19.88984
 110.58530  19.91330
 110.57210  19.94325
 110.55890  19.95733
 110.53020  19.95280
 110.51320  19.98090
 110.48650  20.00996
 110.45510  20.02969
 110.42370  20.04848
 110.39410  20.05419
 110.36350  20.04401
 110.33480  20.03754
 110.30610  20.02268
 110.29170  20.00964
 110.26020  20.00971
 110.23160  20.02096
 110.20290  20.02473
 110.17230  20.02477
 110.14080  20.01639
 110.11020  20.00427
 110.09400  19.99026
 110.09680  19.96224
 110.08060  19.94263
 110.05000  19.93703
 110.02710  19.91086
 110.01380  19.89403
 110.02520  19.87721
 110.00800  19.86600
 109.98130  19.88560
 109.98130  19.91457
 109.96320  19.94164
 109.95170  19.95751
 109.94020  19.97337
 109.92590  19.98643
 109.91160  19.97333
 109.89920  19.95836
 109.88200  19.93965
 109.86770  19.92654
 109.84390  19.93211
 109.84290  19.96106
 109.81710  19.94698
 109.78850  19.95158
 109.75980  19.95616
 109.73020  19.97101
 109.70150  19.97278
 109.65380  19.97633
 109.62230  19.97433
 109.59280  19.95739
 109.56320  19.94230
 109.54800  19.92914
 109.53280  19.91505
 109.54060  19.88706
 109.54360  19.85904
 109.55140  19.83104
 109.52280  19.82622
 109.49330  19.81671
 109.46460  19.82682
 109.43600  19.83226
 109.40640  19.83861
 109.37490  19.84869
 109.34530  19.85595
 109.31460  19.87441
 109.28690  19.88541
 109.27070  19.87407
 109.25190  19.84589
 109.22630  19.82512
 109.21130  19.79695
 109.19060  19.76499
 109.17180  19.73678
 109.16250  19.70770
 109.18260  19.69385
 109.21110  19.70252
 109.24050  19.71866
 109.26900  19.72357
 109.28070  19.69561
 109.28760  19.66667
 109.25890  19.67673
 109.22940  19.67649
 109.19910  19.65846
 109.16890  19.63388
 109.15380  19.62159
 109.12160  19.59789
 109.09320  19.58546
 109.06290  19.57488
 109.03060  19.56425
 109.00040  19.54897
 108.97120  19.52620
 108.95610  19.51012
 108.94110  19.49405
 108.91190  19.47592
 108.89390  19.46542
 108.87700  19.45399
 108.85910  19.44160
 108.84300  19.43111
 108.82700  19.42062
 108.79880  19.40341
 108.76770  19.38148
 108.73850  19.36610
 108.70930  19.35355
 108.67990  19.34659
 108.65170  19.33307
 108.66250  19.30326
 108.65340  19.27409
 108.64910  19.24404
 108.64290  19.21585
 108.64900  19.18594
 108.65320  19.15507
 108.64610  19.12216
 108.63310  19.10510
 108.62210  19.07588
 108.62640  19.04593
 108.63790  19.03015
 108.64580  19.00775
 108.65100  18.97593
 108.64770  18.94305
 108.64240  18.91389
 108.63720  18.88284
 108.63480  18.85089
 108.63520  18.82181
 108.63560  18.79271
 108.65010  18.76476
 108.66170  18.74895
 108.67620  18.72005
 108.68610  18.68919
 108.69020  18.66108
 108.69440  18.63201
 108.69390  18.60099
 108.68390  18.56985
 108.67770  18.54063
 108.67910  18.51151
 108.69730  18.48357
 108.70990  18.45553
 108.72510  18.44258
 108.75520  18.44298
 108.78340  18.44335
 108.81160  18.44371
 108.84270  18.43469
 108.87300  18.42002
 108.90130  18.41002
 108.91740  18.39798
 108.94860  18.37764
 108.97710  18.35351
 108.99130  18.33956
 109.02060  18.32576
 109.04870  18.32512
 109.07690  18.32729
 109.10600  18.32192
 109.13630  18.30340
 109.14950  18.28848
 109.17790  18.26616
 109.20620  18.24759
 109.23720  18.24127
 109.26630  18.24150
 109.29530  18.24174
 109.32440  18.24196
 109.34320  18.24116
 109.37140  18.23948
 109.39950  18.23403
 109.42860  18.23046
 109.45680  18.22876
 109.48590  18.22423
 109.50200  18.20080
 109.50120  18.17256
 109.53030  18.16142
 109.55450  18.18602
 109.57340  18.16730
 109.57820  18.13908
 109.60720  18.13828
 109.61840  18.16751
 109.63420  18.18924
 109.66330  18.19500
 109.69140  18.17723
 109.71960  18.18016
 109.74110  18.20283
 109.74190  18.23388
 109.74180  18.26399
 109.74740  18.29506
 109.75570  18.32331
 109.76880  18.35157
 109.78290  18.36572
 109.81100  18.36955
 109.84200  18.36024
 109.87300  18.36876
 109.90310  18.38198
 109.93310  18.39237
 109.96320  18.40369
 109.99320  18.41970
 110.02140  18.42631
 110.01580  18.39716
 109.98760  18.38021
 109.99800  18.36047
 110.02610  18.35860
 110.05430  18.37272
 110.05810  18.40375
 110.08630  18.40657
 110.09760  18.43573
 110.10890  18.46391
 110.12020  18.49399
 110.13530  18.52500
 110.15130  18.55412
 110.16540  18.56820
 110.18240  18.58228
 110.19840  18.59354
 110.23050  18.61698
 110.24650  18.62822
 110.27480  18.64414
 110.30310  18.65629
 110.33420  18.66654
 110.36440  18.66740
 110.39260  18.66543
 110.42180  18.66722
 110.43230  18.68314
 110.44650  18.71221
 110.45980  18.72718
 110.47300  18.74121
 110.50140  18.75517
 110.52980  18.77289
 110.53940  18.80194
 110.53200  18.83202
 110.51320  18.86025
 110.49990  18.84623
 110.49980  18.81714
 110.48080  18.79375
 110.45640  18.80793
 110.45650  18.83702
 110.47080  18.86512
 110.49920  18.88096
 110.51150  18.89592
 110.51170  18.92406
 110.50990  18.95316
 110.52610  18.98122
 110.53940  18.99523
 110.55470  19.02328
 110.56620  19.05418
 110.56730  19.08230
 110.54660  19.10490
 110.56090  19.12452
 110.58570  19.14783
 110.60950  19.17583
 110.61630  19.20390
 110.62120  19.23198
 110.63750  19.26094
 110.65190  19.28990
 110.68050  19.31407
 110.68830  19.34400
 110.69800  19.37484
 110.72750  19.39151
 110.74480  19.41949
 110.76780  19.44648
 110.78310  19.45947
 110.79560  19.47436
 110.82140  19.50039
 110.82740  19.52935
 110.80480  19.55385
 110.79060  19.56799
 110.77740  19.58211
 110.79270  19.59416
 110.82510  19.59674
 110.85560  19.60212
 110.88510  19.60469
 110.88200  19.57571
 110.85340  19.56658
 110.84270  19.53766
 110.86900  19.51125
 110.89580  19.52414
 110.92360  19.54917
 110.93790  19.56214
 110.96670  19.58623
 110.99730  19.59998
 111.02580  19.60065
 111.03750  19.62954
 111.01880  19.65778
 111.01050  19.68591
 110.99750  19.71502
 110.99680  19.74402
 110.99710  19.77393
 110.99170  19.80296
 110.98530  19.83105
 110.97890  19.85915
 110.96960  19.88727
 110.95730  19.89579
