  0 0
  91.05369  33.47693
  91.03034  33.63257
  91.05369  33.81045
  91.05369  33.98833
  91.10036  34.09950
  91.07703  34.27738
  91.19373  34.27738
  91.33378  34.27738
  91.45049  34.27738
  91.68389  34.27738
  91.75392  34.29961
  91.89397  34.23291
  91.94064  34.14397
  92.08070  34.09950
  92.15072  34.16620
  92.22074  34.21067
  92.26743  34.21067
  92.47749  34.14397
  92.66422  34.07727
  92.87429  34.12173
  92.99100  34.18844
  93.08436  34.23291
  93.45782  34.23291
  93.57452  34.23291
  93.78459  34.29961
  93.85462  34.38855
  93.94798  34.45525
  94.15805  34.52196
  94.41480  34.61089
  94.55486  34.65536
  94.78826  34.63313
  95.02168  34.56643
  95.25509  34.47749
  95.46516  34.34408
  95.69856  34.14397
  95.90864  33.96609
  96.16539  33.81045
  96.51550  33.61034
  96.77225  33.38799
  97.05235  33.05447
  97.35578  32.76543
  97.43300  32.75000
  97.81700  32.48700
  98.11700  32.30000
  98.28300  32.11300
  98.33300  31.87500
  98.58300  31.62500
  98.85000  31.40000
  98.70000  31.15000
  98.73300  30.91700
  98.90000  30.76200
  98.95000  30.55000
  99.02500  30.32500
  99.06700  30.06700
  99.03300  29.83300
  99.05000  29.55000
  99.15000  29.31700
  99.18300  29.08700
  99.23300  28.91700
  99.16700  28.66300
  99.15000  28.40000
  99.21700  28.20000
  99.33300  27.96700
  99.50000  28.17500
  99.70000  28.16700
  99.81700  28.37500
  99.93300  28.56700
 100.16700  28.51200
 100.18300  28.21300
 100.15000  28.06300
 100.28300  27.81700
 100.46700  27.76700
 100.60000  27.82500
 100.71700  27.83300
 100.90000  27.57500
 101.03300  27.28300
 101.15000  27.15000
 101.26700  26.91700
 101.40000  26.70000
 101.45000  26.63300
 101.48300  26.42500
 101.66700  26.28700
 101.71700  26.20000
 101.78300  26.03300
 101.96700  26.07500
 102.25000  26.16700
 102.63300  26.32500
 102.63300  26.18300
 102.88300  26.33300
 102.97500  26.43800
 103.01700  26.70000
 102.91700  26.93800
 102.95000  27.15000
 102.95000  27.40000
 103.10000  27.41700
 103.28300  27.60000
 103.51700  27.81300
 103.60000  27.98300
 103.38300  28.08300
 103.58300  28.16700
 103.85000  28.28300
 103.81700  28.42500
 103.77500  28.60000
 103.96700  28.63700
 104.23300  28.68300
 104.43300  28.66700
 104.85000  28.85000
 105.06700  28.85000
 105.18300  28.78300
 105.40000  28.90000
 105.60000  28.98300
 105.76700  28.90000
 105.90000  28.90000
 106.00000  29.08300
 106.15000  29.21700
 106.46700  29.35000
 106.60000  29.60000
 106.88300  29.58700
 107.03300  29.88300
 107.32500  29.71700
 107.63300  29.82500
 107.78300  30.00000
 108.00000  30.20000
 108.11700  30.26200
 108.15000  30.40000
 108.26700  30.57500
 108.33300  30.80000
 108.55000  30.90000
 108.76700  30.91300
 108.96700  30.88300
 109.25000  30.93300
 109.48300  31.05000
 109.68300  31.01700
 109.91700  31.08300
 110.16700  31.05000
 110.36700  31.06300
 110.60000  31.00000
 110.75000  30.91700
 111.00000  30.82500
 111.16700  30.76700
 111.33300  30.61700
 111.41700  30.37500
 111.50000  30.31700
 111.71700  30.40000
 111.88300  30.32500
 112.02500  30.26200
 112.23300  30.30000
 112.12500  30.12500
 112.26700  30.06700
 112.38300  29.95000
 112.31700  29.76700
 112.38300  29.70000
 112.51700  29.83700
 112.66700  29.83300
 112.88300  29.87500
 112.98300  29.71300
 112.85000  29.55000
 112.96700  29.48700
 113.11700  29.48300
 113.21700  29.58300
 113.41700  29.75000
 113.53300  29.87500
 113.73300  29.88300
 113.90000  30.05000
 114.05000  30.08300
 113.96700  30.15000
 113.85000  30.16700
 113.85000  30.28300
 113.98300  30.21700
 114.08300  30.33300
 114.22500  30.50000
 114.23300  30.62500
 114.41700  30.68300
 114.50000  30.60000
 114.68300  30.60000
 114.78300  30.55000
 114.91700  30.38700
 115.03300  30.30000
 115.10000  30.21300
 115.25000  30.12500
 115.30000  29.88700
 115.51700  29.83300
 115.68300  29.82500
 115.91700  29.73700
 116.11700  29.72500
 116.21700  29.71700
 116.28300  29.88300
 116.56700  29.95000
 116.70000  30.03700
 116.80000  30.15000
 116.86700  30.26200
 116.93300  30.45000
 117.08300  30.50000
 117.20000  30.71700
 117.40000  30.73300
 117.63300  30.81300
 117.73300  30.95000
 117.75000  31.12500
 117.88300  31.10000
 117.98300  31.23300
 118.18300  31.28300
 118.31700  31.30000
 118.35000  31.48700
 118.38300  31.65000
 118.53300  31.85000
 118.65000  32.06700
 118.86700  32.21700
 119.28300  32.22500
 119.50000  32.25000
 119.67500  32.30000
 119.83300  32.25000
 119.91700  32.10000
 120.16700  31.98700
 120.50000  32.05000
 120.8      31.99
 121.2      31.67
 0 0
 118.80000  37.71700
 118.50000  37.53700
 118.12500  37.30000
 117.90000  37.23300
 117.53300  37.08300
 117.03300  36.67500
 116.57500  36.36300
 116.31700  36.20000
 116.13300  36.05000
 115.93300  35.88300
 115.65000  35.68300
 115.40000  35.53300
 115.18300  35.38300
 114.95000  35.25000
 114.81700  35.02500
 114.76700  34.85000
 114.46700  34.86300
 114.13300  34.91300
 113.90000  34.85000
 113.40000  34.95000
 113.16700  34.78300
 112.80000  34.76700
 112.43300  34.86300
 112.06700  34.97500
 111.91700  35.03300
 111.63300  34.85000
 111.13300  34.67500
 110.31700  34.73300
 110.37500  35.08700
 110.50000  35.36700
 110.61700  35.55000
 110.55000  35.81700
 110.53300  36.01200
 110.48300  36.31700
 110.45000  36.61700
 110.56700  37.06700
 110.67500  37.40000
 110.77500  37.65000
 110.62500  37.83300
 110.53300  38.11700
 110.72500  38.31700
 110.88300  38.46300
 110.92500  38.72500
 111.00000  38.96300
 111.18300  39.18300
 111.25000  39.33700
 111.48300  39.46700
 111.37500  39.66700
 111.43300  39.92500
 111.30000  40.11700
 111.02500  40.20000
 110.80000  40.25000
 110.58300  40.30000
 110.35000  40.38700
 110.18300  40.45000
 110.02500  40.50000
 109.82500  40.43300
 109.68300  40.47500
 109.46700  40.50000
 109.35000  40.40000
 109.20000  40.47500
 108.97500  40.45000
 108.77500  40.53700
 108.48300  40.68300
 108.13300  40.78700
 107.80000  40.78300
 107.42500  40.61200
 107.18300  40.50000
 107.10000  40.32500
 106.95000  40.18300
 106.78300  40.00000
 106.70000  39.76700
 106.75000  39.55000
 106.73300  39.30000
 106.80000  39.06700
 106.70000  38.81300
 106.51700  38.48300
 106.30000  38.16700
 105.95000  37.70000
 105.55000  37.45000
 105.25000  37.45000
 104.96700  37.38700
 104.66700  37.31300
 104.48300  37.15000
 104.28300  37.05000
 104.31700  36.88300
 104.60000  36.76200
 104.68300  36.55000
 104.46700  36.40000
 104.25000  36.28300
 103.96700  36.15000
 103.90000  36.01700
 103.75000  36.05000
 103.46700  36.11700
 103.30000  35.98300
 103.31700  35.87500
 103.23300  35.75000
 102.95000  35.78300
 102.65000  35.80000
 102.20000  35.83700
 102.05000  35.85000
 101.88300  36.02500
 101.56700  36.01200
 101.30000  35.85000
 101.08300  36.02500
 100.75000  36.05000
 100.46700  35.75000
 100.11700  35.48300
 100.22500  35.20000
 100.31700  34.87500
 100.61700  34.66300
 100.83300  34.66700
 101.05000  34.37500
 101.15000  34.25000
 101.51700  34.21300
 101.86700  34.01200
 102.15000  33.92500
 102.30000  33.68300
 102.43300  33.50000
 102.43300  33.35000
 102.06700  33.31700
 101.85000  33.43300
 101.76700  33.65000
 101.50000  33.70000
 101.23300  33.73700
 101.05000  33.88700
 101.00000  33.86300
 100.91700  33.80000
 100.83300  33.83300
 100.62500  33.93800
 100.40000  33.81700
 100.18300  33.78700
 100.13300  33.60000
  99.81700  33.76200
  99.53300  33.73300
  99.38300  33.83300
  99.25000  33.71700
  99.11700  33.96700
  99.05000  34.16300
  99.08300  34.35000
  98.90000  34.50000
  98.76700  34.36700
  98.61700  34.40000
  98.43300  34.56700
  98.41708  34.71831
  98.26145  34.86657
  97.88795  35.01482
  97.70120  34.98518
  97.29658  34.83692
  96.73633  34.83692
  96.39395  34.83692
  95.95821  34.92587
