 170   0
 126.01480  28.88100
 126.06200  28.81800
 126.14070  28.78100
 126.23520  28.76900
 126.34530  28.68200
 126.47130  28.61900
 126.62870  28.55700
 126.80180  28.55700
 126.92780  28.50800
 126.95930  28.48300
 127.05370  28.49500
 127.10100  28.55700
 127.14820  28.54500
 127.17970  28.49500
 127.24260  28.52000
 127.24260  28.58200
 127.25840  28.65700
 127.30560  28.61900
 127.33710  28.55700
 127.43150  28.53200
 127.43150  28.57000
 127.38430  28.60700
 127.41580  28.60700
 127.47870  28.61900
 127.47870  28.57000
 127.58890  28.50800
 127.60470  28.47000
 127.57320  28.47000
 127.57320  28.43300
 127.63620  28.38300
 127.73060  28.40800
 127.77780  28.44500
 127.88800  28.47000
 127.98250  28.52000
 128.02970  28.47000
 128.12420  28.45800
 128.07690  28.39600
 128.04550  28.33300
 127.98250  28.25900
 127.96680  28.17200
 128.02970  28.09700
 128.06120  28.07200
 128.04550  28.04700
 128.04550  28.01000
 128.09270  27.94800
 128.17140  27.92300
 128.18710  27.88600
 128.13990  27.87300
 128.09270  27.88600
 128.18710  27.79900
 128.36030  27.79900
 128.48620  27.86100
 128.53340  27.93500
 128.50200  28.01000
 128.42330  27.99800
 128.42330  28.02200
 128.47050  28.03500
 128.43900  28.08500
 128.34450  28.09700
 128.29730  28.12200
 128.31310  28.15900
 128.29730  28.20900
 128.37600  28.22100
 128.45470  28.19700
 128.54920  28.18400
 128.54920  28.23400
 128.48620  28.24600
 128.45470  28.27100
 128.47050  28.32100
 128.56490  28.25900
 128.61220  28.29600
 128.64360  28.38300
 128.73810  28.42000
 128.87980  28.43300
 129.03720  28.45800
 129.17890  28.48300
 129.27330  28.52000
 129.30480  28.57000
 129.27330  28.59500
 129.33630  28.61900
 129.38350  28.58200
 129.35200  28.52000
 129.47800  28.50800
 129.47800  28.57000
 129.44650  28.58200
 129.49370  28.61900
 129.54090  28.66900
 129.60390  28.59500
 129.63540  28.57000
 129.72980  28.58200
 129.72980  28.63200
 129.68260  28.66900
 129.76130  28.64400
 129.77710  28.60700
 129.79280  28.54500
 129.90300  28.52000
 129.98170  28.52000
 129.98170  28.60700
 129.88730  28.61900
 129.87150  28.58200
 129.84000  28.61900
 129.84000  28.65700
 129.90300  28.68200
 129.98170  28.69400
 130.04470  28.70600
 130.10760  28.70600
 130.10760  28.75600
 130.10760  28.80600
 130.13910  28.83100
 130.17060  28.78100
 130.20210  28.73100
 130.24930  28.71900
 130.39100  28.74400
 130.45390  28.84300
 130.53270  28.85600
 130.65860  28.90500
 130.57990  28.93000
 130.53270  28.93000
 130.50120  28.99300
 130.48540  29.06700
 130.48540  29.11700
 130.43820  29.16700
 130.40670  29.21600
 130.43820  29.26600
 130.48540  29.16700
 130.57990  29.09200
 130.70580  28.99300
 130.83180  28.98000
 130.87900  28.94300
 131.03640  28.91800
 131.11510  28.99300
 131.14660  29.01700
 131.13090  29.11700
 131.13090  29.17900
 131.22530  29.20400
 131.25680  29.12900
 131.22530  29.09200
 131.27250  29.04200
 131.33550  29.12900
 131.41420  29.16700
 131.46140  29.19200
 131.52440  29.19200
 131.55590  29.14200
 131.66610  29.09200
 131.74480  29.09200
 131.74480  29.14200
 131.69760  29.19200
 131.74480  29.22900
 131.83920  29.21600
 131.87070  29.19200
 131.90220  29.16700
 131.94940  29.21600
 132.05960  29.25400
 132.12260  29.22900
 132.23280  29.30300
 132.37450  29.31600
 132.35870  29.35300
 132.37450  29.42800
 132.48460  29.46500
 132.43740  29.50200
 132.51610  29.55200
 132.56340  29.57700
 132.57910  29.61400
 132.65780  29.62700
 132.72080  29.60200
 132.78370  29.63900
 132.79950  29.66400
 132.83100  29.68900
 132.90970  29.66400
 132.95690  29.73900
  59   0 
 128.17140  27.64900
 128.15570  27.66200
 128.09270  27.66200
 128.04550  27.66200
 128.01400  27.68700
 127.91950  27.64900
 127.87230  27.61200
 127.79360  27.58700
 127.73060  27.61200
 127.66760  27.58700
 127.66760  27.52500
 127.65190  27.50000
 127.52600  27.46300
 127.47870  27.40100
 127.40000  27.32600
 127.33710  27.25100
 127.30560  27.18900
 127.30560  27.11500
 127.30560  27.00300
 127.32130  26.89100
 127.51020  26.76600
 127.62040  26.72900
 127.71490  26.71700
 127.80930  26.70400
 127.90380  26.66700
 127.99820  26.67900
 128.04550  26.71700
 128.04550  26.76600
 128.13990  26.81600
 128.26580  26.87800
 128.34450  26.94100
 128.50200  26.96500
 128.51770  27.01500
 128.45470  27.02800
 128.51770  27.12700
 128.56490  27.18900
 128.56490  27.25100
 128.64360  27.32600
 128.65940  27.41300
 128.76960  27.41300
 128.80110  27.43800
 128.91130  27.47500
 128.89550  27.50000
 128.87980  27.51300
 128.83260  27.56200
 128.80110  27.61200
 128.78530  27.66200
 128.70660  27.66200
 128.67510  27.71200
 128.61220  27.76100
 128.58070  27.71200
 128.54920  27.68700
 128.48620  27.68700
 128.40750  27.69900
 128.36030  27.68700
 128.31310  27.69900
 128.25010  27.66200
 128.18710  27.64900
 128.15570  27.66200
  33   0 
 134.60980  29.73900
 134.62550  29.67700
 134.60980  29.60200
 134.59410  29.55200
 134.56260  29.49000
 134.57830  29.40300
 134.65700  29.35300
 134.68850  29.27900
 134.68850  29.21600
 134.73570  29.16700
 134.81440  29.12900
 134.86170  29.09200
 134.97180  29.03000
 134.98760  28.96800
 135.01910  28.90500
 135.03480  28.84300
 135.06630  28.78100
 135.12930  28.80600
 135.17650  28.83100
 135.14500  28.89300
 135.14500  28.95500
 135.12930  29.05500
 135.17650  29.12900
 135.23950  29.22900
 135.28670  29.30300
 135.33390  29.36600
 135.36540  29.42800
 135.39690  29.47800
 135.41260  29.54000
 135.41260  29.60200
 135.44410  29.65200
 135.50710  29.68900
 135.52280  29.75100
   2   0
 127.38070  25.86400
 128.26900  25.04300
   6   0
 128.38740  23.76000
 128.44660  23.34900
 128.44660  23.19500
 128.32820  23.04100
 128.32820  22.88700
 128.20980  22.83600
   2   0
 126.96620  20.83500
 127.02540  19.96300
   4   0
 129.15720  18.68000
 129.63090  18.68000
 130.10470  18.78200
 130.46000  18.98800
   2   0
 131.99960  20.73200
 132.59170  21.39900
   2   0
 133.89450  22.73400
 134.24980  23.70900
   2   0
 134.24980  24.99100
 134.24980  26.06900
   2   0
 134.30900  26.58200
 134.84190  27.50600
   2   0
 135.31570  28.12200
 135.90780  28.78900
   7   0
 132.50040  28.11000
 132.50040  28.13400
 132.53190  28.13400
 132.56340  28.11000
 132.57910  28.13400
 132.61060  28.13400
 132.62630  28.09700
   6   0
 132.51610  28.04700
 132.54760  28.03500
 132.56340  28.04700
 132.57910  28.04700
 132.57910  28.02200
 132.61060  28.03500
   4   0
 129.08440  26.09500
 129.10020  26.08200
 129.13160  26.09500
 129.14740  26.07000
   6   0
 129.10020  26.13200
 129.11590  26.14500
 129.13160  26.14500
 129.13160  26.16900
 129.14740  26.16900
 129.16310  26.14500
   6   0
 129.61960  26.08200
 129.66690  26.08200
 129.63540  26.05800
 129.66690  26.05800
 129.68260  26.03300
 129.66690  26.03300
   8   0
 129.55670  26.03300
 129.54090  26.00800
 129.57240  26.00800
 129.58820  26.00800
 129.58820  25.99500
 129.55670  25.97000
 129.58820  25.97000
 129.61960  25.97000
   7   0
 129.21040  25.83400
 129.19460  25.83400
 129.17890  25.82100
 129.17890  25.79600
 129.19460  25.78400
 129.16310  25.77200
 129.22610  25.77200
   6   0
 129.25760  25.84600
 129.28910  25.82100
 129.27330  25.80900
 129.28910  25.79600
 129.28910  25.77200
 129.27330  25.77200
   7   0
 129.16310  25.66000
 129.17890  25.66000
 129.19460  25.66000
 129.22610  25.67200
 129.25760  25.69700
 129.28910  25.69700
 129.30480  25.67200
   5   0
 129.21040  25.58500
 129.24180  25.58500
 129.27330  25.61000
 129.28910  25.61000
 129.30480  25.63500
   8   0
 129.76130  25.58500
 129.74560  25.56000
 129.76130  25.53500
 129.79280  25.53500
 129.77710  25.51000
 129.77710  25.51000
 129.79280  25.48500
 129.82430  25.48500
   7   0
 129.82430  25.61000
 129.85580  25.61000
 129.88730  25.61000
 129.87150  25.58500
 129.85580  25.56000
 129.88730  25.56000
 129.87150  25.53500
  11   0
 130.91050  25.61000
 130.91050  25.62200
 130.92620  25.62200
 130.92620  25.66000
 130.94200  25.66000
 130.97340  25.64700
 131.00490  25.64700
 131.00490  25.67200
 131.00490  25.67200
 131.05210  25.67200
 131.06790  25.67200
   6   0
 130.69010  25.43600
 130.65860  25.43600
 130.65860  25.39800
 130.62710  25.39800
 130.62710  25.38600
 130.64290  25.36100
   5   0
 131.33550  25.62200
 131.35120  25.59700
 131.31970  25.58500
 131.35120  25.56000
 131.35120  25.52300
   8   0
 131.16230  25.34900
 131.19380  25.36100
 131.22530  25.36100
 131.20960  25.33600
 131.22530  25.33600
 131.28830  25.33600
 131.25680  25.29900
 131.22530  25.28600
  11   0
 130.80030  25.19900
 130.81600  25.17500
 130.86320  25.17500
 130.86320  25.19900
 130.89470  25.18700
 130.92620  25.18700
 130.92620  25.21200
 130.95770  25.21200
 130.98920  25.19900
 131.02070  25.21200
 131.02070  25.22400
  11   0
 133.19300  25.18700
 133.20880  25.19900
 133.22450  25.19900
 133.22450  25.16200
 133.25600  25.17500
 133.27170  25.17500
 133.28750  25.16200
 133.28750  25.16200
 133.31900  25.16200
 133.33470  25.13700
 133.33470  25.12500
   8   0
 131.61890  24.64000
 131.61890  24.69000
 131.63460  24.69000
 131.65030  24.66500
 131.65030  24.70200
 131.68180  24.71400
 131.68180  24.71400
 131.72900  24.67700
   8   0
 131.63460  24.61500
 131.66610  24.60200
 131.68180  24.62700
 131.68180  24.65200
 131.69760  24.64000
 131.72900  24.62700
 131.72900  24.65200
 131.72900  24.66500
   6   0
 131.02070  23.08500
 131.03640  23.08500
 131.05210  23.08500
 131.05210  23.11000
 131.08360  23.11000
 131.08360  23.13500
   6   0
 131.03640  23.04800
 131.05210  23.02300
 131.06790  23.03600
 131.09940  23.04800
 131.09940  23.06000
 131.09940  23.06000
   6   0
 131.20960  23.04800
 131.20960  23.06000
 131.24100  23.07300
 131.24100  23.09800
 131.24100  23.11000
 131.28830  23.12300
   7   0
 131.20960  23.01100
 131.22530  23.02300
 131.24100  23.03600
 131.25680  23.03600
 131.25680  23.04800
 131.25680  23.06000
 131.31970  23.04800
   8   0
 130.91050  22.84900
 130.91050  22.87400
 130.91050  22.89900
 130.94200  22.87400
 130.95770  22.88600
 130.95770  22.91100
 131.00490  22.89900
 131.00490  22.89900
   9   0
 130.86320  22.81200
 130.86320  22.77400
 130.89470  22.79900
 130.89470  22.78700
 130.92620  22.76200
 130.95770  22.78700
 130.97340  22.78700
 130.97340  22.76200
 131.00490  22.76200
   8   0
 131.27250  22.91100
 131.27250  22.93600
 131.30400  22.93600
 131.33550  22.93600
 131.33550  22.93600
 131.36700  22.92400
 131.36700  22.91100
 131.39850  22.91100
  11   0
 131.08360  22.74900
 131.06790  22.71200
 131.08360  22.67500
 131.11510  22.70000
 131.11510  22.66200
 131.14660  22.66200
 131.16230  22.70000
 131.17810  22.67500
 131.19380  22.67500
 131.20960  22.67500
 131.20960  22.70000
   6   0
 131.36700  22.78700
 131.35120  22.76200
 131.36700  22.74900
 131.35120  22.73700
 131.35120  22.71200
 131.41420  22.71200
   7   0
 131.44570  22.81200
 131.47720  22.81200
 131.46140  22.77400
 131.47720  22.77400
 131.49290  22.76200
 131.46140  22.74900
 131.46140  22.74900
   8   0
 130.98920  22.46300
 130.98920  22.48800
 131.03640  22.51300
 131.03640  22.51300
 131.06790  22.52600
 131.11510  22.55000
 131.13090  22.52600
 131.17810  22.52600
  12   0
 131.02070  22.40100
 131.03640  22.38900
 131.06790  22.40100
 131.06790  22.38900
 131.06790  22.37600
 131.09940  22.38900
 131.09940  22.40100
 131.11510  22.38900
 131.13090  22.36400
 131.14660  22.38900
 131.14660  22.41400
 131.17810  22.43900
   5   0
 131.30400  22.55000
 131.33550  22.53800
 131.30400  22.52600
 131.33550  22.52600
 131.31970  22.48800
   6   0
 131.61890  22.43900
 131.65030  22.46300
 131.71330  22.46300
 131.71330  22.48800
 131.76050  22.47600
 131.76050  22.53800
   7   0
 132.01240  22.74900
 131.99670  22.73700
 132.01240  22.71200
 132.01240  22.71200
 131.98090  22.68700
 132.01240  22.66200
 132.01240  22.66200
   4   0
 132.07540  22.76200
 132.10680  22.73700
 132.10680  22.72500
 132.10680  22.70000
   7   0
 131.66610  22.38900
 131.69760  22.36400
 131.72900  22.38900
 131.72900  22.41400
 131.76050  22.40100
 131.80780  22.40100
 131.80780  22.43900
  10   0
 130.98920  22.21500
 131.03640  22.22700
 131.03640  22.25200
 131.06790  22.25200
 131.08360  22.25200
 131.08360  22.24000
 131.14660  22.24000
 131.16230  22.25200
 131.19380  22.25200
 131.19380  22.22700
   8   0
 130.04470  22.07800
 130.10760  22.05300
 130.15490  22.05300
 130.15490  22.07800
 130.17060  22.10300
 130.18630  22.10300
 130.20210  22.11500
 130.20210  22.11500
   7   0
 129.17890  21.55600
 129.17890  21.58000
 129.21040  21.59300
 129.21040  21.60500
 129.22610  21.63000
 129.25760  21.61800
 129.27330  21.60500
   7   0
 129.17890  21.50600
 129.24180  21.49300
 129.27330  21.49300
 129.27330  21.53100
 129.30480  21.51800
 129.33630  21.46900
 129.33630  21.48100
   6   0
 129.35200  21.59300
 129.38350  21.59300
 129.41500  21.56800
 129.44650  21.59300
 129.47800  21.59300
 129.47800  21.55600
   5   0
 129.39920  21.49300
 129.43070  21.48100
 129.44650  21.50600
 129.46220  21.49300
 129.50940  21.49300
   7   0
 129.61960  21.73000
 129.58820  21.70500
 129.58820  21.68000
 129.61960  21.68000
 129.60390  21.65500
 129.60390  21.63000
 129.63540  21.63000
   7   0
 129.66690  21.75500
 129.69830  21.75500
 129.69830  21.73000
 129.69830  21.71700
 129.72980  21.71700
 129.72980  21.70500
 129.71410  21.68000
   7   0
 129.30480  21.18200
 129.28910  21.18200
 129.24180  21.18200
 129.24180  21.13300
 129.21040  21.14500
 129.16310  21.12000
 129.21040  21.10800
   8   0
 129.35200  21.10800
 129.38350  21.08300
 129.38350  21.05800
 129.35200  21.05800
 129.38350  21.03300
 129.32050  21.00800
 129.32050  21.00800
 129.35200  21.00800
  11   0
 130.45390  21.41900
 130.42250  21.41900
 130.39100  21.39400
 130.40670  21.36900
 130.39100  21.36900
 130.35950  21.36900
 130.35950  21.34400
 130.34380  21.31900
 130.31230  21.31900
 130.31230  21.30700
 130.32800  21.27000
   9   0
 130.35950  21.24500
 130.39100  21.23200
 130.42250  21.24500
 130.39100  21.29400
 130.43820  21.29400
 130.45390  21.29400
 130.42250  21.30700
 130.48540  21.30700
 130.45390  21.31900
   8   0
 130.78450  21.69200
 130.80030  21.70500
 130.81600  21.70500
 130.81600  21.68000
 130.84750  21.68000
 130.86320  21.69200
 130.87900  21.65500
 130.87900  21.65500
   7   0
 130.76880  21.66800
 130.76880  21.64300
 130.80030  21.64300
 130.80030  21.61800
 130.83180  21.59300
 130.83180  21.61800
 130.84750  21.61800
   8   0
 131.00490  22.14000
 131.02070  22.11500
 131.05210  22.11500
 131.05210  22.14000
 131.05210  22.11500
 131.08360  22.11500
 131.11510  22.14000
 131.11510  22.16500
   8   0
 131.19380  21.31900
 131.20960  21.34400
 131.22530  21.34400
 131.22530  21.31900
 131.25680  21.31900
 131.25680  21.34400
 131.28830  21.34400
 131.28830  21.33200
   9   0
 131.16230  21.28200
 131.16230  21.25700
 131.20960  21.25700
 131.22530  21.25700
 131.22530  21.23200
 131.24100  21.22000
 131.25680  21.22000
 131.28830  21.24500
 131.30400  21.25700
   8   0
 131.76050  22.00300
 131.76050  21.99100
 131.76050  21.95400
 131.79200  21.95400
 131.80780  21.99100
 131.79200  21.95400
 131.82350  21.91600
 131.85500  21.91600
   7   0
 131.82350  22.04100
 131.83920  22.04100
 131.87070  22.01600
 131.83920  22.00300
 131.88650  22.00300
 131.90220  22.00300
 131.90220  21.96600
   7   0
 132.09110  22.22700
 132.07540  22.21500
 132.07540  22.19000
 132.10680  22.19000
 132.07540  22.17700
 132.07540  22.15300
 132.10680  22.15300
  10   0
 132.16980  22.25200
 132.18550  22.24000
 132.18550  22.21500
 132.20130  22.21500
 132.23280  22.19000
 132.18550  22.17700
 132.23280  22.15300
 132.20130  22.15300
 132.21700  22.15300
 132.16980  22.12800
   9   0
 132.51610  22.25200
 132.51610  22.21500
 132.54760  22.19000
 132.54760  22.20200
 132.56340  22.21500
 132.56340  22.17700
 132.61060  22.17700
 132.62630  22.19000
 132.62630  22.21500
   8   0
 132.34300  21.75500
 132.32720  21.74200
 132.32720  21.71700
 132.35870  21.69200
 132.37450  21.73000
 132.39020  21.69200
 132.43740  21.69200
 132.43740  21.69200
   6   0
 132.39020  21.76700
 132.39020  21.80400
 132.42170  21.77900
 132.43740  21.75500
 132.45320  21.75500
 132.45320  21.74200
   8   0
 132.78370  22.05300
 132.76800  22.02800
 132.76800  21.99100
 132.83100  22.00300
 132.83100  22.00300
 132.83100  21.99100
 132.83100  21.96600
 132.86250  21.97800
   9   0
 132.81520  22.07800
 132.83100  22.09000
 132.86250  22.10300
 132.84670  22.05300
 132.89390  22.05300
 132.89390  22.09000
 132.92540  22.05300
 132.89390  22.05300
 132.89390  22.05300
  10   0
 129.90300  19.88900
 129.90300  19.88900
 129.88730  19.86400
 129.88730  19.83900
 129.95020  19.83900
 129.90300  19.81400
 129.91870  19.76500
 129.93450  19.76500
 129.95020  19.76500
 129.98170  19.76500
   5   0
 129.58820  19.71500
 129.61960  19.71500
 129.61960  19.71500
 129.65110  19.69000
 129.65110  19.71500
   7   0
 129.52520  19.00600
 129.49370  19.00600
 129.50940  18.96900
 129.52520  18.96900
 129.50940  18.94400
 129.52520  18.90700
 129.55670  18.94400
   6   0
 129.60390  19.03100
 129.60390  19.00600
 129.63540  18.99400
 129.63540  18.95600
 129.63540  18.95600
 129.60390  18.94400
   6   0
 129.90300  18.96900
 129.90300  18.94400
 129.93450  18.94400
 129.90300  18.93200
 129.93450  18.91900
 129.95020  18.91900
   6   0
 129.96600  18.99400
 129.99740  18.99400
 129.98170  18.98100
 129.99740  18.96900
 129.99740  18.94400
 129.96600  18.94400
   7   0
 130.18630  19.03100
 130.13910  19.00600
 130.17060  19.00600
 130.15490  18.98100
 130.13910  18.96900
 130.17060  18.95600
 130.18630  18.94400
   8   0
 130.23360  19.04300
 130.26500  19.03100
 130.23360  19.03100
 130.21780  19.01900
 130.23360  19.01900
 130.26500  18.99400
 130.23360  18.99400
 130.23360  18.96900
   5   0  
 126.00000  17.00000
 126.00000  29.75000
 136.00000  29.75000
 136.00000  17.00000
 126.00000  17.00000
