 285 0
 121.46110  23.33658
 121.46210  23.36896
 121.46530  23.40204
 121.47080  23.43021
 121.48360  23.44553
 121.49340  23.47603
 121.49730  23.50716
 121.50100  23.53646
 121.51270  23.56582
 121.52350  23.59619
 121.53280  23.62301
 121.54150  23.65176
 121.53830  23.68178
 121.54220  23.71289
 121.54880  23.74184
 121.55820  23.76864
 121.56280  23.78946
 121.56740  23.82513
 121.57790  23.85273
 121.58180  23.88382
 121.58560  23.91399
 121.59120  23.94211
 121.60480  23.97029
 121.60830  23.99771
 121.61580  24.02470
 121.61940  24.05303
 121.61530  24.08403
 121.62890  24.11219
 121.64940  24.13870
 121.67200  24.16589
 121.68400  24.18126
 121.70960  24.20812
 121.73010  24.23461
 121.73580  24.26361
 121.74490  24.29502
 121.76060  24.32294
 121.76930  24.35069
 121.78680  24.37746
 121.80230  24.40354
 121.81790  24.43053
 121.84040  24.45584
 121.84120  24.48536
 121.86200  24.51270
 121.86300  24.54312
 121.87550  24.56951
 121.85320  24.59968
 121.83100  24.63077
 121.81640  24.66565
 121.81050  24.69772
 121.80700  24.71751
 121.80990  24.74769
 121.80940  24.78196
 121.80830  24.81258
 121.83000  24.83888
 121.85290  24.86688
 121.86890  24.88085
 121.89080  24.90805
 121.91970  24.93538
 121.93670  24.94832
 121.96990  24.96962
 121.99360  24.99475
 121.99070  25.01909
 121.96260  25.03695
 121.93370  25.05581
 121.92050  25.07110
 121.89910  25.10113
 121.86910  25.11270
 121.84980  25.12033
 121.81800  25.13300
 121.78710  25.14556
 121.75500  25.15639
 121.72140  25.14799
 121.70190  25.16207
 121.67720  25.19055
 121.66780  25.22016
 121.64980  25.20639
 121.62000  25.21970
 121.61500  25.25160
 121.60170  25.26686
 121.58740  25.28220
 121.55720  25.29276
 121.52410  25.29624
 121.49220  25.28574
 121.45920  25.26612
 121.44030  25.25334
 121.40630  25.23382
 121.40590  25.19141
 121.39130  25.16432
 121.36690  25.14009
 121.33140  25.12439
 121.29880  25.11485
 121.26700  25.10427
 121.23590  25.09915
 121.20190  25.09525
 121.16850  25.08759
 121.13510  25.07161
 121.09990  25.04935
 121.08220  25.03822
 121.06570  25.02697
 121.03250  25.00448
 121.01670  24.99131
 120.99110  24.96435
 120.97710  24.94914
 120.96200  24.93312
 120.94800  24.91791
 120.93030  24.88922
 120.92600  24.86195
 120.89670  24.83719
 120.88700  24.80768
 120.88450  24.77839
 120.87780  24.74767
 120.85640  24.72117
 120.84410  24.69468
 120.82100  24.67020
 120.78840  24.65958
 120.75670  24.63870
 120.74520  24.61027
 120.71310  24.60327
 120.69580  24.57634
 120.68760  24.55775
 120.67400  24.52859
 120.66170  24.50116
 120.64960  24.47463
 120.63420  24.44657
 120.61740  24.43250
 120.58930  24.40752
 120.56680  24.37830
 120.55250  24.35011
 120.53940  24.32366
 120.52610  24.29629
 120.49580  24.27705
 120.49150  24.24880
 120.48400  24.21902
 120.47890  24.19177
 120.46950  24.16217
 120.45430  24.13497
 120.44010  24.10767
 120.42980  24.07907
 120.40610  24.04712
 120.38210  24.02076
 120.35300  23.99395
 120.33650  23.98073
 120.32140  23.95350
 120.31830  23.92603
 120.30800  23.89739
 120.28080  23.88612
 120.26770  23.85867
 120.27940  23.82979
 120.26540  23.81169
 120.23220  23.80096
 120.21570  23.78772
 120.20130  23.77428
 120.18140  23.74839
 120.17520  23.71936
 120.16820  23.69224
 120.14390  23.67138
 120.13780  23.64326
 120.13460  23.61393
 120.13450  23.58615
 120.14020  23.55689
 120.14490  23.52682
 120.14550  23.49619
 120.14440  23.46849
 120.14230  23.43997
 120.13910  23.41154
 120.13710  23.38393
 120.11050  23.35957
 120.10720  23.32928
 120.10390  23.29901
 120.09200  23.27231
 120.08510  23.24517
 120.08180  23.21487
 120.07390  23.18780
 120.07070  23.15843
 120.06860  23.13079
 120.06170  23.10362
 120.04770  23.07525
 120.04950  23.04632
 120.06410  23.01618
 120.09270  22.99677
 120.12090  22.98296
 120.13620  22.96852
 120.14940  22.95334
 120.15990  22.92356
 120.17630  22.89228
 120.18690  22.86249
 120.20120  22.84904
 120.19710  22.82065
 120.20770  22.79085
 120.21870  22.77400
 120.23500  22.74270
 120.25130  22.71140
 120.26570  22.68120
 120.26460  22.65251
 120.26640  22.62445
 120.28230  22.59875
 120.28600  22.56957
 120.29830  22.53862
 120.31440  22.50544
 120.33380  22.50262
 120.36270  22.48771
 120.39170  22.47371
 120.41960  22.45886
 120.43260  22.44363
 120.46010  22.42510
 120.48970  22.40821
 120.51810  22.39794
 120.54560  22.37939
 120.57270  22.35806
 120.58660  22.34179
 120.60750  22.30897
 120.61990  22.27980
 120.63290  22.26452
 120.66090  22.24307
 120.67290  22.22696
 120.68220  22.19715
 120.68470  22.16710
 120.68540  22.13909
 120.69980  22.10968
 120.70330  22.08044
 120.69910  22.05199
 120.69690  22.02426
 120.70720  21.99432
 120.71470  21.96559
 120.72220  21.93687
 120.72970  21.90814
 120.75890  21.90608
 120.79000  21.90474
 120.81890  21.89990
 120.84650  21.88492
 120.86090  21.90767
 120.85370  21.93826
 120.85710  21.96773
 120.86720  21.99559
 120.87830  22.02334
 120.88440  22.05066
 120.88850  22.07818
 120.89200  22.10764
 120.89060  22.13853
 120.89090  22.16645
 120.89250  22.19701
 120.88550  22.22941
 120.88300  22.25855
 120.88170  22.28941
 120.88510  22.31885
 120.88970  22.35002
 120.90000  22.37967
 120.90820  22.40768
 120.92120  22.43426
 120.94070  22.44899
 120.95010  22.47873
 120.96260  22.51000
 120.97670  22.53738
 120.98500  22.56628
 121.00100  22.59253
 121.02100  22.62020
 121.04490  22.64656
 121.07160  22.67167
 121.08800  22.68484
 121.11670  22.70973
 121.15120  22.73400
 121.17900  22.75898
 121.18850  22.78866
 121.20850  22.81536
 121.23210  22.83890
 121.24480  22.85336
 121.26320  22.88209
 121.28920  22.90908
 121.29760  22.93699
 121.30880  22.96368
 121.31920  22.99231
 121.33440  23.01949
 121.35160  23.04646
 121.36610  23.07557
 121.38260  23.08868
 121.40270  23.11440
 121.40440  23.14395
 121.39730  23.17535
 121.40860  23.20201
 121.41690  23.22898
 121.42520  23.25595
 121.42810  23.28720
 121.44920  23.31279
 121.47030  23.33838
 121.46110  23.33658
