  429 0
  91.07703  33.43246
  91.05369  33.47693
  91.05369  33.52140
  91.03034  33.63257
  91.03034  33.69928
  91.05369  33.81045
  91.05369  33.87716
  91.05369  33.98833
  91.05369  34.05503
  91.10036  34.09950
  91.07703  34.18844
  91.07703  34.27738
  91.14705  34.29961
  91.19373  34.27738
  91.26376  34.27738
  91.33378  34.27738
  91.40380  34.27738
  91.45049  34.27738
  91.66055  34.25514
  91.68389  34.27738
  91.70724  34.29961
  91.75392  34.29961
  91.82394  34.27738
  91.89397  34.23291
  91.94064  34.18844
  91.94064  34.14397
  91.98733  34.12173
  92.08070  34.09950
  92.10403  34.12173
  92.15072  34.16620
  92.17406  34.16620
  92.22074  34.21067
  92.26743  34.21067
  92.26743  34.21067
  92.40747  34.18844
  92.47749  34.14397
  92.57085  34.12173
  92.66422  34.07727
  92.75758  34.09950
  92.87429  34.12173
  92.94431  34.16620
  92.99100  34.18844
  93.01434  34.23291
  93.08436  34.23291
  93.20107  34.23291
  93.45782  34.23291
  93.52784  34.23291
  93.57452  34.23291
  93.76125  34.23291
  93.78459  34.29961
  93.87796  34.36631
  93.85462  34.38855
  93.90130  34.43302
  93.94798  34.45525
  94.08803  34.52196
  94.15805  34.52196
  94.25142  34.58866
  94.41480  34.61089
  94.46149  34.65536
  94.55486  34.65536
  94.67155  34.65536
  94.78826  34.63313
  94.88163  34.61089
  95.02168  34.56643
  95.18506  34.54419
  95.25509  34.47749
  95.32511  34.43302
  95.46516  34.34408
  95.60520  34.23291
  95.69856  34.14397
  95.79193  34.07727
  95.90864  33.96609
  96.02534  33.89939
  96.16539  33.81045
  96.39880  33.69928
  96.51550  33.61034
  96.60887  33.49916
  96.77225  33.38799
  96.88896  33.23235
  97.05235  33.05447
  97.21574  32.92107
  97.35578  32.76543
  97.44915  32.72095
  97.43300  32.75000
  97.58300  32.62500
  97.81700  32.48700
  98.05000  32.41300
  98.11700  32.30000
  98.15000  32.16700
  98.28300  32.11300
  98.40000  32.03300
  98.33300  31.87500
  98.50000  31.73300
  98.58300  31.62500
  98.71700  31.56700
  98.85000  31.40000
  98.78300  31.25000
  98.70000  31.15000
  98.72500  31.00000
  98.73300  30.91700
  98.82500  30.77500
  98.90000  30.76200
  98.91700  30.63700
  98.95000  30.55000
  98.95000  30.41700
  99.02500  30.32500
  99.00000  30.15000
  99.06700  30.06700
  99.02500  29.95000
  99.03300  29.83300
  99.10000  29.75000
  99.05000  29.55000
  99.13300  29.45000
  99.15000  29.31700
  99.17500  29.13300
  99.18300  29.08700
  99.21700  29.12500
  99.23300  28.91700
  99.15000  28.81700
  99.16700  28.66300
  99.15000  28.51700
  99.15000  28.40000
  99.15000  28.28300
  99.21700  28.20000
  99.23300  28.11300
  99.33300  27.96700
  99.38300  28.08300
  99.50000  28.17500
  99.60000  28.18300
  99.70000  28.16700
  99.78300  28.25000
  99.81700  28.37500
  99.81700  28.45000
  99.93300  28.56700
 100.05000  28.56300
 100.16700  28.51200
 100.13300  28.35000
 100.18300  28.21300
 100.13300  28.21300
 100.15000  28.06300
 100.23300  27.88300
 100.28300  27.81700
 100.40000  27.78300
 100.46700  27.76700
 100.50000  27.87500
 100.60000  27.82500
 100.70000  27.91700
 100.71700  27.83300
 100.80000  27.71700
 100.90000  27.57500
 100.91700  27.42500
 101.03300  27.28300
 100.98300  27.20000
 101.15000  27.15000
 101.18300  27.03300
 101.26700  26.91700
 101.38300  26.81700
 101.40000  26.70000
 101.50000  26.75000
 101.45000  26.63300
 101.36700  26.51700
 101.48300  26.42500
 101.61700  26.36300
 101.66700  26.28700
 101.56700  26.22500
 101.71700  26.20000
 101.71700  26.11700
 101.78300  26.03300
 101.83300  26.01700
 101.96700  26.07500
 102.08300  26.08300
 102.25000  26.16700
 102.45000  26.26200
 102.63300  26.32500
 102.61700  26.25000
 102.63300  26.18300
 102.78300  26.21700
 102.88300  26.33300
 102.98300  26.33700
 102.97500  26.43800
 103.06700  26.53700
 103.01700  26.70000
 102.98300  26.85000
 102.91700  26.93800
 102.90000  27.00000
 102.95000  27.15000
 102.90000  27.26700
 102.95000  27.40000
 103.01700  27.40000
 103.10000  27.41700
 103.20000  27.52500
 103.28300  27.60000
 103.40000  27.73300
 103.51700  27.81300
 103.53300  27.91700
 103.60000  27.98300
 103.43300  28.02500
 103.38300  28.08300
 103.46700  28.15000
 103.58300  28.16700
 103.73300  28.21300
 103.85000  28.28300
 103.86700  28.35000
 103.81700  28.42500
 103.81700  28.51200
 103.77500  28.60000
 103.83300  28.70000
 103.96700  28.63700
 104.08300  28.65000
 104.23300  28.68300
 104.31700  28.66700
 104.43300  28.66700
 104.58300  28.75000
 104.85000  28.85000
 104.97500  28.78300
 105.06700  28.85000
 105.11700  28.71300
 105.18300  28.78300
 105.28300  28.78700
 105.40000  28.90000
 105.55000  28.91300
 105.60000  28.98300
 105.68300  28.90000
 105.76700  28.90000
 105.81700  28.80000
 105.90000  28.90000
 105.86700  28.98700
 106.00000  29.08300
 106.10000  29.10000
 106.15000  29.21700
 106.36700  29.30000
 106.46700  29.35000
 106.53300  29.45000
 106.60000  29.60000
 106.76700  29.58300
 106.88300  29.58700
 106.95000  29.72500
 107.03300  29.88300
 107.16700  29.66700
 107.32500  29.71700
 107.46700  29.90000
 107.63300  29.82500
 107.76700  29.90000
 107.78300  30.00000
 107.85000  30.10000
 108.00000  30.20000
 108.00000  30.27500
 108.11700  30.26200
 108.08300  30.38300
 108.15000  30.40000
 108.21700  30.45000
 108.26700  30.57500
 108.38300  30.66700
 108.33300  30.80000
 108.46700  30.85000
 108.55000  30.90000
 108.66700  30.92500
 108.76700  30.91300
 108.88300  30.98300
 108.96700  30.88300
 109.10000  30.93300
 109.25000  30.93300
 109.38300  30.98300
 109.48300  31.05000
 109.60000  31.06300
 109.68300  31.01700
 109.80000  31.01700
 109.91700  31.08300
 110.01700  31.02500
 110.16700  31.05000
 110.25000  31.05000
 110.36700  31.06300
 110.51700  31.05000
 110.60000  31.00000
 110.73300  31.01200
 110.75000  30.91700
 110.93300  30.88700
 111.00000  30.82500
 111.10000  30.81300
 111.16700  30.76700
 111.23300  30.68800
 111.33300  30.61700
 111.36700  30.50000
 111.41700  30.37500
 111.41700  30.27500
 111.50000  30.31700
 111.58300  30.37500
 111.71700  30.40000
 111.83300  30.42500
 111.88300  30.32500
 111.95000  30.27500
 112.02500  30.26200
 112.11700  30.30000
 112.23300  30.30000
 112.18300  30.21700
 112.12500  30.12500
 112.17500  30.08300
 112.26700  30.06700
 112.36700  30.03300
 112.38300  29.95000
 112.37500  29.85000
 112.31700  29.76700
 112.31700  29.66700
 112.38300  29.70000
 112.46700  29.78300
 112.51700  29.83700
 112.58300  29.73300
 112.66700  29.83300
 112.70000  29.76200
 112.88300  29.87500
 112.85000  29.70000
 112.98300  29.71300
 112.90000  29.58700
 112.85000  29.55000
 112.90000  29.46300
 112.96700  29.48700
 113.05000  29.42500
 113.11700  29.48300
 113.13300  29.51700
 113.21700  29.58300
 113.35000  29.71700
 113.41700  29.75000
 113.46700  29.80000
 113.53300  29.87500
 113.63300  29.91700
 113.73300  29.88300
 113.85000  29.96700
 113.90000  30.05000
 113.96700  30.05000
 114.05000  30.08300
 114.03300  30.11700
 113.96700  30.15000
 113.90000  30.16700
 113.85000  30.16700
 113.83300  30.22500
 113.85000  30.28300
 113.91700  30.26700
 113.98300  30.21700
 114.03300  30.28300
 114.08300  30.33300
 114.18300  30.43800
 114.22500  30.50000
 114.21700  30.52500
 114.23300  30.62500
 114.30000  30.63700
 114.41700  30.68300
 114.45000  30.68300
 114.50000  30.60000
 114.55000  30.57500
 114.68300  30.60000
 114.77500  30.66300
 114.78300  30.55000
 114.83300  30.43800
 114.91700  30.38700
 115.03300  30.38700
 115.03300  30.30000
 115.03300  30.21300
 115.10000  30.21300
 115.18300  30.18800
 115.25000  30.12500
 115.31700  30.01700
 115.30000  29.88700
 115.40000  29.81300
 115.51700  29.83300
 115.61700  29.85000
 115.68300  29.82500
 115.78300  29.75000
 115.91700  29.73700
 116.00000  29.73300
 116.11700  29.72500
 116.15000  29.78300
 116.21700  29.71700
 116.20000  29.80000
 116.28300  29.88300
 116.48300  29.95000
 116.56700  29.95000
 116.63300  29.98300
 116.70000  30.03700
 116.78300  30.10000
 116.80000  30.15000
 116.85000  30.21700
 116.86700  30.26200
 116.86700  30.35000
 116.93300  30.45000
 117.01700  30.46300
 117.08300  30.50000
 117.18300  30.53700
 117.20000  30.71700
 117.31700  30.71300
 117.40000  30.73300
 117.55000  30.78300
 117.63300  30.81300
 117.71700  30.88300
 117.73300  30.95000
 117.73300  31.05000
 117.75000  31.12500
 117.81700  31.16700
 117.88300  31.10000
 117.95000  31.16300
 117.98300  31.23300
 118.10000  31.26200
 118.18300  31.28300
 118.23300  31.31300
 118.31700  31.30000
 118.33300  31.41700
 118.35000  31.48700
 118.33300  31.53700
 118.38300  31.65000
 118.45000  31.78300
 118.53300  31.85000
 118.65000  32.00000
 118.65000  32.06700
 118.78300  32.13300
 118.86700  32.21700
 119.15000  32.27500
 119.28300  32.22500
 119.43300  32.26200
 119.50000  32.25000
 119.58300  32.20000
 119.67500  32.30000
 119.76700  32.36300
 119.83300  32.25000
 119.90000  32.18800
 119.91700  32.10000
 120.05000  32.00000
 120.16700  31.98700
 120.33300  32.00000
 120.50000  32.05000
 120.56700  32.10000
