 304 0
 118.95000  37.76700
 118.80000  37.71700
 118.70000  37.65000
 118.50000  37.53700
 118.30000  37.46300
 118.12500  37.30000
 118.05000  37.28300
 117.90000  37.23300
 117.71700  37.23300
 117.53300  37.08300
 117.28300  36.96300
 117.03300  36.67500
 116.75000  36.63300
 116.57500  36.36300
 116.45000  36.26700
 116.31700  36.20000
 116.17500  36.10000
 116.13300  36.05000
 116.05000  35.91700
 115.93300  35.88300
 115.80000  35.80000
 115.65000  35.68300
 115.51700  35.65000
 115.40000  35.53300
 115.30000  35.46700
 115.18300  35.38300
 115.11700  35.36300
 114.95000  35.25000
 114.87500  35.15000
 114.81700  35.02500
 114.76700  34.92500
 114.76700  34.85000
 114.61700  34.91700
 114.46700  34.86300
 114.25000  34.91700
 114.13300  34.91300
 114.03300  34.91300
 113.90000  34.85000
 113.63300  34.92500
 113.40000  34.95000
 113.36700  34.93300
 113.16700  34.78300
 112.93300  34.76200
 112.80000  34.76700
 112.57500  34.78300
 112.43300  34.86300
 112.23300  34.91300
 112.06700  34.97500
 112.05000  35.01700
 111.91700  35.03300
 111.76700  34.93300
 111.63300  34.85000
 111.55000  34.75000
 111.13300  34.67500
 110.68300  34.58300
 110.31700  34.73300
 110.31700  34.91300
 110.37500  35.08700
 110.40000  35.20000
 110.50000  35.36700
 110.50000  35.43800
 110.61700  35.55000
 110.58300  35.71700
 110.55000  35.81700
 110.47500  35.90000
 110.53300  36.01200
 110.45000  36.15000
 110.48300  36.31700
 110.55000  36.52500
 110.45000  36.61700
 110.45000  37.01700
 110.56700  37.06700
 110.70000  37.28700
 110.67500  37.40000
 110.85000  37.58300
 110.77500  37.65000
 110.68300  37.76200
 110.62500  37.83300
 110.52500  37.95000
 110.53300  38.11700
 110.65000  38.25000
 110.72500  38.31700
 110.80000  38.43300
 110.88300  38.46300
 110.88300  38.60000
 110.92500  38.72500
 111.05000  38.87500
 111.00000  38.96300
 111.12500  39.06200
 111.18300  39.18300
 111.16700  39.33700
 111.25000  39.33700
 111.36700  39.40000
 111.48300  39.46700
 111.45000  39.58700
 111.37500  39.66700
 111.50000  39.81200
 111.43300  39.92500
 111.37500  40.00000
 111.30000  40.11700
 111.18300  40.18300
 111.02500  40.20000
 110.88300  40.23300
 110.80000  40.25000
 110.70000  40.23300
 110.58300  40.30000
 110.46700  40.35000
 110.35000  40.38700
 110.25000  40.47500
 110.18300  40.45000
 110.10000  40.45000
 110.02500  40.50000
 109.92500  40.48300
 109.82500  40.43300
 109.70000  40.38300
 109.68300  40.47500
 109.58300  40.50000
 109.46700  40.50000
 109.46700  40.43700
 109.35000  40.40000
 109.22500  40.37500
 109.20000  40.47500
 109.10000  40.48700
 108.97500  40.45000
 108.85000  40.48300
 108.77500  40.53700
 108.62500  40.62500
 108.48300  40.68300
 108.40000  40.73700
 108.13300  40.78700
 108.00000  40.75000
 107.80000  40.78300
 107.50000  40.66200
 107.42500  40.61200
 107.26700  40.55000
 107.18300  40.50000
 107.15000  40.41700
 107.10000  40.32500
 107.07500  40.31200
 106.95000  40.18300
 106.88300  40.11200
 106.78300  40.00000
 106.65000  39.88300
 106.70000  39.76700
 106.72500  39.60000
 106.75000  39.55000
 106.75000  39.46200
 106.73300  39.30000
 106.73300  39.18300
 106.80000  39.06700
 106.83300  38.96300
 106.70000  38.81300
 106.62500  38.71700
 106.51700  38.48300
 106.45000  38.40000
 106.30000  38.16700
 106.08300  37.97500
 105.95000  37.70000
 105.85000  37.58300
 105.55000  37.45000
 105.41700  37.40000
 105.25000  37.45000
 105.11700  37.45000
 104.96700  37.38700
 104.80000  37.30000
 104.66700  37.31300
 104.66700  37.25000
 104.48300  37.15000
 104.30000  37.08300
 104.28300  37.05000
 104.28300  36.97500
 104.31700  36.88300
 104.45000  36.86300
 104.60000  36.76200
 104.66700  36.70000
 104.68300  36.55000
 104.55000  36.48300
 104.46700  36.40000
 104.33300  36.33300
 104.25000  36.28300
 104.11700  36.18800
 103.96700  36.15000
 104.03300  36.08300
 103.90000  36.01700
 103.81700  36.00000
 103.75000  36.05000
 103.60000  36.12500
 103.46700  36.11700
 103.35000  36.05000
 103.30000  35.98300
 103.21700  35.93300
 103.31700  35.87500
 103.31700  35.80000
 103.23300  35.75000
 103.08300  35.75000
 102.95000  35.78300
 102.81700  35.78700
 102.65000  35.80000
 102.47500  35.81300
 102.20000  35.83700
 102.11700  35.77500
 102.05000  35.85000
 102.00000  35.96300
 101.88300  36.02500
 101.73300  36.06300
 101.56700  36.01200
 101.42500  35.91300
 101.30000  35.85000
 101.26700  35.98700
 101.08300  36.02500
 100.87500  36.06700
 100.75000  36.05000
 100.61700  35.90000
 100.46700  35.75000
 100.26700  35.68300
 100.11700  35.48300
 100.13300  35.33300
 100.22500  35.20000
 100.25000  35.03300
 100.31700  34.87500
 100.45000  34.76700
 100.61700  34.66300
 100.75000  34.70000
 100.83300  34.66700
 100.90000  34.58700
 101.05000  34.37500
 101.06700  34.30000
 101.15000  34.25000
 101.30000  34.23300
 101.51700  34.21300
 101.63300  34.10000
 101.86700  34.01200
 102.06700  33.95000
 102.15000  33.92500
 102.17500  33.86700
 102.30000  33.68300
 102.35000  33.56700
 102.43300  33.50000
 102.51700  33.41700
 102.43300  33.35000
 102.26700  33.31700
 102.06700  33.31700
 101.96700  33.43300
 101.85000  33.43300
 101.76700  33.63700
 101.76700  33.65000
 101.66700  33.70000
 101.50000  33.70000
 101.36700  33.70000
 101.23300  33.73700
 101.08300  33.80000
 101.05000  33.88700
 100.96700  33.90000
 101.00000  33.86300
 100.96700  33.90000
 100.91700  33.80000
 100.91700  33.76700
 100.83300  33.83300
 100.76700  33.93300
 100.62500  33.93800
 100.51700  33.88300
 100.40000  33.81700
 100.23300  33.78300
 100.18300  33.78700
 100.20000  33.66300
 100.13300  33.60000
  99.91700  33.71700
  99.81700  33.76200
  99.65000  33.78700
  99.53300  33.73300
  99.42500  33.82500
  99.38300  33.83300
  99.31700  33.76700
  99.25000  33.71700
  99.20000  33.83300
  99.11700  33.96700
  99.05000  34.03700
  99.05000  34.16300
  99.06700  34.27500
  99.08300  34.35000
  99.01700  34.45000
  98.90000  34.50000
  98.76700  34.46700
  98.76700  34.36700
  98.70000  34.37500
  98.61700  34.40000
  98.50000  34.45000
  98.43300  34.56700
  98.38300  34.68300
  98.41708  34.71831
  98.41708  34.80727
  98.26145  34.86657
  97.91908  35.01482
  97.88795  35.01482
  97.79458  35.01482
  97.70120  34.98518
  97.57670  34.83692
  97.29658  34.83692
  96.86082  35.01482
  96.73633  34.83692
  96.61182  34.80727
  96.39395  34.83692
  96.08270  34.83692
  95.95821  34.92587
